(1, 2)
[(0, 1), (0, 2), (0, 3), (1, 1), (1, 3), (2, 1), (2, 2), (2, 3)]
(2, 1)
[(1, 0), (1, 1), (1, 2), (2, 0), (2, 2), (3, 0), (3, 1), (3, 2)]
(3, 1)
[(2, 0), (2, 1), (2, 2), (3, 0), (3, 2), (4, 0), (4, 1), (4, 2)]
(1, 1)
[(0, 0), (0, 1), (0, 2), (1, 0), (1, 2), (2, 0), (2, 1), (2, 2)]
(2, 3)
[(1, 2), (1, 3), (1, 4), (2, 2), (2, 4), (3, 2), (3, 3), (3, 4)]
(3, 3)
[(2, 2), (2, 3), (2, 4), (3, 2), (3, 4), (4, 2), (4, 3), (4, 4)]
(3, 2)
[(2, 1), (2, 2), (2, 3), (3, 1), (3, 3), (4, 1), (4, 2), (4, 3)]
(1, 3)
[(0, 2), (0, 3), (0, 4), (1, 2), (1, 4), (2, 2), (2, 3), (2, 4)]
(2, 2)
[(1, 1), (1, 2), (1, 3), (2, 1), (2, 3), (3, 1), (3, 2), (3, 3)]
(1, 2)
[(0, 1), (0, 2), (0, 3), (1, 1), (1, 3), (2, 1), (2, 2), (2, 3)]
(2, 1)
[(1, 0), (1, 1), (1, 2), (2, 0), (2, 2), (3, 0), (3, 1), (3, 2)]
(3, 1)
[(2, 0), (2, 1), (2, 2), (3, 0), (3, 2), (4, 0), (4, 1), (4, 2)]
(1, 1)
[(0, 0), (0, 1), (0, 2), (1, 0), (1, 2), (2, 0), (2, 1), (2, 2)]
(2, 3)
[(1, 2), (1, 3), (1, 4), (2, 2), (2, 4), (3, 2), (3, 3), (3, 4)]
(3, 3)
[(2, 2), (2, 3), (2, 4), (3, 2), (3, 4), (4, 2), (4, 3), (4, 4)]
(3, 2)
[(2, 1), (2, 2), (2, 3), (3, 1), (3, 3), (4, 1), (4, 2), (4, 3)]
(1, 3)
[(0, 2), (0, 3), (0, 4), (1, 2), (1, 4), (2, 2), (2, 3), (2, 4)]
9
46864
60006
80008
60006
46864

0
57975
71117
91119
71117
57975

(0, 2)
[(0, 1), (0, 3), (1, 1), (1, 2), (1, 3)]
(2, 0)
[(1, 0), (1, 1), (2, 1), (3, 0), (3, 1)]
(2, 4)
[(1, 3), (1, 4), (2, 3), (3, 3), (3, 4)]
(4, 2)
[(3, 1), (3, 2), (3, 3), (4, 1), (4, 3)]
4
69096
94349
03230
94349
69096

13
